# oST version 5.0 parameters


[image]

width
320

height
240

[narrow_stereo/left]

camera matrix
242.056746 0.000000 166.892839
0.000000 241.642363 118.493609
0.000000 0.000000 1.000000

distortion
0.020348 0.001636 0.002177 0.002003 0.000000

rectification
0.999861 -0.000620 0.016663
0.000584 0.999997 0.002180
-0.016664 -0.002170 0.999859

projection
247.853084 0.000000 161.956247 0.000000
0.000000 247.853084 118.337358 0.000000
0.000000 0.000000 1.000000 0.000000

# oST version 5.0 parameters


[image]

width
320

height
240

[narrow_stereo/right]

camera matrix
241.499063 0.000000 164.755828
0.000000 240.956808 117.309944
0.000000 0.000000 1.000000

distortion
0.025557 -0.006332 0.000798 0.001992 0.000000

rectification
0.999962 -0.000419 0.008748
0.000438 0.999998 -0.002173
-0.008747 0.002176 0.999959

projection
247.853084 0.000000 161.956247 -37.017914
0.000000 247.853084 118.337358 0.000000
0.000000 0.000000 1.000000 0.000000

